5.2 0.231 1.3 0.231 2.3 0.231 3.3 0.231 3.3 0.115 4.3 0.115 3.3 0.231 3.3 0.115 6.3 0.115 5.3 0.231 5.3 0.115 6.3 0.115
1.3 0.231 1.3 0.115 3.3 0.115 2.3 0.231 2.3 0.115 3.3 0.115 2.3 0.231 5.3 0.115 2.3 0.115 3.3 0.231 5.2 0.231 2.3 0.231 5.2 0.231
3.3 0.231 3.3 0.115 4.3 0.115 3.3 0.231 3.3 0.115 6.3 0.115 5.3 0.231 5.3 0.115 6.3 0.115
1.3 0.231 1.3 0.115 3.3 0.115 2.3 0.231 2.3 0.115 3.3 0.115 2.3 0.231 1.3 0.115 7.2 0.115 1.3 0.231 5.2 0.231
1.3 0.231 2.3 0.231 3.3 0.231 3.3 0.115 4.3 0.115 3.3 0.231 3.3 0.115 6.3 0.115 5.3 0.231 5.3 0.115 6.3 0.115
1.3 0.231 1.3 0.115 3.3 0.115 2.3 0.231 2.3 0.115 3.3 0.115 2.3 0.231 5.3 0.115 2.3 0.115 3.3 0.231 5.2 0.231 2.3 0.231 5.2 0.231
3.3 0.231 3.3 0.115 4.3 0.115 3.3 0.231 3.3 0.115 6.3 0.115 5.3 0.231 5.3 0.115 6.3 0.115
1.3 0.231 1.3 0.115 3.3 0.115 2.3 0.231 2.3 0.115 3.3 0.115 2.3 0.231 1.3 0.115 7.2 0.115 1.3 0.231 3.2 0.231 5.2 0.231 6.2 0.231 5.2 0.908 _ 0.231
3.3 0.231 2.3 0.231 7.2 0.231 1.3 0.462 3.3 0.231 6.3 0.231 5.3 0.461 3.3 0.231 2.3 0.231 1.3 0.809 _ 0.231
3.3 0.231 2.3 0.231 7.2 0.231 1.3 0.693 6.2 0.231 5.2 0.462 5.2 0.231 6.2 0.231 5.2 0.809 _ 0.577
3.3 0.231 2.3 0.231 7.2 0.231 1.3 0.462 3.3 0.231 6.3 0.231 5.3 0.461 3.3 0.231 2.3 0.231 1.3 0.809 _ 0.231
3.3 0.231 2.3 0.231 7.2 0.231 1.3 0.462 _ 0.231 2.3 0.231 1.3 0.693 _ 0.231
1.3 0.462 1.3 0.231 2.3 0.231 3.3 0.462 3.3 0.231 4.3 0.231 5.3 0.231 1.3 0.231 1.3 0.231 2.3 0.231 3.3 0.908 5.3 0.462
1.3 0.231 7.2 0.231 1.3 0.462 3.3 0.231 6.3 0.231 5.3 0.462 1.3 0.231 4.3 0.231 3.3 0.462 3.3 0.231 2.3 0.231
1.3 0.462 3.3 0.231 6.3 0.231 5.3 0.462 1.3 0.231 2.3 0.231 3.3 0.231 5.3 0.231 2.3 0.231 1.3 0.231 1.3 0.462 3.3 0.231 4.3 0.231 5.3 0.462
1.3 0.231 7.2 0.231 1.3 0.462 3.3 0.231 6.3 0.231 5.3 0.462 1.3 0.231 4.3 0.231 3.3 0.462 6.3 0.231 7.3 0.231 1.4 0.462 7.3 0.231 6.3 0.231 5.3 0.231
1.3 0.231 1.3 0.231 3.3 0.231 2.3 0.231 3.3 0.231 2.3 0.231 1.3 0.231 1.3 0.462 2.3 0.462 1.3 0.462 1.3 0.115 7.2 0.115 1.3 0.231
5.3 0.462 1.3 0.115 7.2 0.115 1.3 0.231 2.3 0.462 1.3 0.231 2.3 0.231 3.3 0.462 2.3 0.462 3.3 0.462
1.3 0.115 7.2 0.115 1.3 0.231 5.3 0.336 5.3 0.115 6.3 0.231 5.3 0.231 5.3 0.462
3.3 0.231 2.3 0.231 1.3 0.231 3.3 0.231 2.3 0.231 1.3 0.231 1.3 0.462 1.3 0.115 7.2 0.115 1.3 0.231 6.3 0.462
1.3 0.115 7.2 0.115 1.3 0.231 2.3 0.462 1.3 0.231 2.3 0.231 3.3 0.462 2.3 0.462 3.3 0.462
1.3 0.115 7.2 0.115 1.3 0.231 5.3 0.231 1.4 0.231 7.3 0.115 1.4 0.115 7.3 0.115 6.3 0.231 5.3 0.462 3.3 0.231 2.3 0.231 1.3 0.462
5.2 0.231 6.2 0.231 5.2 0.693 _ 0.462 3.3 0.231 2.3 0.231 7.2 0.231 1.3 0.462 3.3 0.231 6.3 0.231 5.3 0.462 3.3 0.231 2.3 0.231 1.3 0.693 _ 0.231
3.3 0.231 2.3 0.231 7.2 0.231 1.3 0.462 7.2 0.231 6.2 0.231 5.2 0.462 5.2 0.231 6.2 0.231 5.2 0.693 _ 0.462
3.3 0.231 2.3 0.231 7.2 0.231 1.3 0.462 3.3 0.231 6.3 0.231 5.3 0.231 5.3 0.231 3.3 0.231 2.3 0.231 1.3 0.908 _ 0.231
3.3 0.231 2.3 0.231 7.2 0.231 1.3 0.462 3.3 0.462 2.3 0.462 7.3 0.462 1.4 0.231 3.4 0.115 4.4 0.115 5.4 0.115
1.4 0.115 3.4 0.115 6.4 0.115 5.4 0.115 1.5 0.115 7.4 0.115 1.5 0.115 7.4 0.115 6.4 0.115 5.4 0.115 6.4 0.115 5.4 0.231
2.4 0.115 3.4 0.115 4.4 0.115 5.3 0.115 5.4 0.115 2.4 0.115 3.4 0.115 5.3 0.115 2.4 0.115 3.4 0.115 2.4 0.115 5.3 0.115
1.4 0.115 7.3 0.115 1.4 0.115 3.3 0.115 6.3 0.115 7.4 0.115 1.4 0.231 5.4 0.115 6.4 0.115 5.4 0.115 1.4 0.115 7.3 0.115 1.4 0.115
6.3 0.115 6.3 0.115 7.3 0.115 1.4 0.115 2.4 0.231 2.4 0.115 3.4 0.115 2.4 0.115 1.4 0.115 7.3 0.115 1.4 0.115 2.4 0.115 1.4 0.115 1.4 0.115 7.3 0.115
1.4 0.231 1.4 0.115 2.4 0.115 2#.4 0.115 5.3 0.231 2#.4 0.115 2.4 0.115 2#.4 0.115 6#.4 0.115 6#.4 0.115 1.5 0.115 6#.4 0.115 
2#.4 0.115 1.4 0.115 2#.4 0.115 4.4 0.115 5.4 0.115 4.4 0.115 5.4 0.115 5#.4 0.115 1.5 0.115 6#.4 0.115 4.4 0.115 5.4 0.115 5#.4 0.115 5.4 0.115
4.5 0.115 2#.5 0.115 1.5 0.115 4.4 0.115 2#.4 0.115 2.4 0.115 4.4 0.115 2#.4 0.231 2#.4 0.115 4.4 0.115 5.4 0.115 2#.4 0.115 5.4 0.115 1.5 0.115 6#.4 0.115
2#.4 0.115 2.4 0.115 2#.4 0.115 2#.3 0.115 2#.4 0.115 2.4 0.115 2#.4 0.115 4.4 0.115 6#.3 0.115 2#.4 0.115 4.4 0.115 5#.4 0.115 5.4 0.115 4.4 0.115 2#.4 0.115 6#.3 0.0 2.4 0.0 4.4 0.0